Array Size: 100
The array is not unique. Duplicates: [7, 12, 21, 24, 27, 42, 56, 60, 63, 72, 98, 109, 140, 155, 163, 180, 187, 190]
Worst Case Time: 0.000013 seconds
Average Case Time: 0.000008 seconds

Array Size: 150
The array is not unique. Duplicates: [7, 9, 12, 21, 24, 27, 29, 36, 40, 41, 42, 55, 56, 57, 59, 60, 63, 68, 69, 72, 81, 93, 98, 103, 109, 118, 138, 140, 144, 150, 155, 161, 163, 164, 175, 180, 184, 187, 190]
Worst Case Time: 0.000017 seconds
Average Case Time: 0.000010 seconds

Array Size: 200
The array is not unique. Duplicates: [1, 7, 9, 12, 17, 21, 24, 27, 29, 36, 40, 41, 42, 51, 55, 56, 57, 59, 60, 63, 68, 69, 72, 76, 81, 88, 93, 98, 103, 109, 117, 118, 130, 136, 138, 140, 142, 144, 150, 153, 155, 156, 161, 163, 164, 165, 175, 180, 184, 185, 187, 190]
Worst Case Time: 0.000017 seconds
Average Case Time: 0.000013 seconds

Array Size: 250
The array is not unique. Duplicates: [1, 2, 7, 9, 12, 15, 17, 18, 19, 21, 24, 27, 29, 33, 36, 40, 41, 42, 51, 55, 56, 57, 58, 59, 60, 62, 63, 64, 68, 69, 72, 76, 81, 87, 88, 93, 96, 98, 103, 109, 117, 118, 130, 136, 137, 138, 139, 140, 142, 144, 146, 150, 151, 153, 155, 156, 161, 163, 164, 165, 167, 172, 175, 177, 180, 184, 185, 187, 190]
Worst Case Time: 0.000018 seconds
Average Case Time: 0.000014 seconds

Array Size: 300
The array is not unique. Duplicates: [1, 2, 7, 9, 12, 15, 16, 17, 18, 19, 21, 24, 25, 26, 27, 28, 29, 33, 36, 40, 41, 42, 49, 50, 51, 55, 56, 57, 58, 59, 60, 62, 63, 64, 68, 69, 72, 76, 81, 87, 88, 91, 93, 96, 98, 103, 109, 115, 117, 118, 119, 120, 122, 125, 130, 136, 137, 138, 139, 140, 142, 144, 146, 148, 150, 151, 153, 155, 156, 161, 163, 164, 165, 166, 167, 168, 169, 172, 175, 177, 180, 184, 185, 187, 190]
Worst Case Time: 0.000022 seconds
Average Case Time: 0.000019 seconds

Array Size: 350
The array is not unique. Duplicates: [1, 2, 7, 9, 12, 13, 15, 16, 17, 18, 19, 21, 24, 25, 26, 27, 28, 29, 33, 36, 40, 41, 42, 43, 49, 50, 51, 55, 56, 57, 58, 59, 60, 61, 62, 63, 64, 68, 69, 72, 76, 81, 87, 88, 91, 93, 96, 98, 103, 105, 109, 115, 117, 118, 119, 120, 122, 125, 129, 130, 136, 137, 138, 139, 140, 141, 142, 143, 144, 146, 148, 150, 151, 153, 155, 156, 161, 163, 164, 165, 166, 167, 168, 169, 170, 172, 175, 177, 179, 180, 184, 185, 187, 188, 189, 190, 192]
Worst Case Time: 0.000025 seconds
Average Case Time: 0.000022 seconds

Array Size: 400
The array is not unique. Duplicates: [1, 2, 3, 7, 9, 12, 13, 15, 16, 17, 18, 19, 21, 24, 25, 26, 27, 28, 29, 31, 33, 34, 36, 40, 41, 42, 43, 49, 50, 51, 55, 56, 57, 58, 59, 60, 61, 62, 63, 64, 68, 69, 72, 76, 77, 81, 87, 88, 91, 93, 96, 98, 102, 103, 104, 105, 108, 109, 115, 117, 118, 119, 120, 122, 125, 129, 130, 131, 136, 137, 138, 139, 140, 141, 142, 143, 144, 145, 146, 148, 149, 150, 151, 153, 155, 156, 159, 161, 163, 164, 165, 166, 167, 168, 169, 170, 172, 173, 175, 177, 179, 180, 184, 185, 187, 188, 189, 190, 192]
Worst Case Time: 0.000029 seconds
Average Case Time: 0.000024 seconds

Array Size: 500
The array is not unique. Duplicates: [1, 2, 3, 7, 9, 11, 12, 13, 14, 15, 16, 17, 18, 19, 20, 21, 24, 25, 26, 27, 28, 29, 30, 31, 33, 34, 36, 40, 41, 42, 43, 46, 49, 50, 51, 53, 54, 55, 56, 57, 58, 59, 60, 61, 62, 63, 64, 65, 68, 69, 70, 71, 72, 73, 76, 77, 79, 81, 86, 87, 88, 91, 92, 93, 94, 95, 96, 98, 102, 103, 104, 105, 106, 108, 109, 110, 111, 113, 114, 115, 117, 118, 119, 120, 122, 125, 126, 129, 130, 131, 136, 137, 138, 139, 140, 141, 142, 143, 144, 145, 146, 148, 149, 150, 151, 153, 155, 156, 159, 161, 163, 164, 165, 166, 167, 168, 169, 170, 171, 172, 173, 175, 176, 177, 179, 180, 181, 184, 185, 187, 188, 189, 190, 191, 192]
Worst Case Time: 0.000033 seconds
Average Case Time: 0.000029 seconds